(2007,(84707,0.0010814379044384943))
(united_states,(5302153,0.0010171160995856628))
(2006,(81615,9.949583315171343E-4))
(2005,(79583,9.252083625751524E-4))
(2008,(88822,9.122057501028337E-4))
(2004,(77935,8.707094472463655E-4))
(july_1,(2638811,8.486952451477309E-4))
(march_1,(3211200,8.383030235524112E-4))
(october_1,(3712597,8.379341282555756E-4))
(february_2,(1715348,8.350485902105813E-4))
(december_31,(1331674,8.325145499375749E-4))
(march_31,(3211523,8.324446548718401E-4))
(2003,(76573,8.314960699544106E-4))
(september_20,(4530185,8.308629778698483E-4))
(may_1,(3283549,8.302757753750045E-4))
(august_9,(499321,8.290849827396347E-4))
(february_7,(1715532,8.290724112087999E-4))
(march_4,(3211540,8.289961277689663E-4))
(august_13,(499048,8.282726209971102E-4))
(july_11,(2638823,8.273888996052045E-4))
(march_21,(3211423,8.269077611706187E-4))
(september_17,(4530118,8.2670894987819E-4))
(september_25,(4530288,8.264245869455412E-4))
(january_22,(2496868,8.260608346580346E-4))
(june_1,(2640555,8.258692302759744E-4))
(march_29,(3211495,8.255882691934543E-4))
(march_12,(3211227,8.254637735294057E-4))
(june_26,(2640814,8.251966167105309E-4))
(october_3,(3712864,8.248822495825493E-4))
(may_3,(3283930,8.248460358941831E-4))
(december_12,(1331438,8.24496236773279E-4))
(june_30,(2640854,8.238140654693791E-4))
(november_1,(3682045,8.233186301279857E-4))
(august_31,(499286,8.232794628764515E-4))
(may_8,(3284008,8.22906999367505E-4))
(february_26,(1715462,8.223893552633487E-4))
(december_6,(1331693,8.222861167480582E-4))
(may_17,(3283629,8.220841945686748E-4))
(april_4,(418649,8.218212582616913E-4))
(september_19,(4530134,8.214823386769747E-4))
(april_1,(418279,8.213841937656306E-4))
(may_21,(3283826,8.21168603267248E-4))
(november_14,(3682069,8.211382133069835E-4))
(may_7,(3283999,8.211044505697083E-4))
(february_17,(1715289,8.209015146177451E-4))
(may_10,(3283555,8.208140204928638E-4))
(june_13,(2640592,8.205765980546231E-4))
(june_25,(2640803,8.205075885878039E-4))
(july_16,(2638860,8.20408213178839E-4))
(february_28,(1715478,8.203649670323847E-4))
